---
images/banner-large.jpg: 2015-12-07 14:54:36.000000000 +00:00
images/banner-med.jpg: 2015-12-07 14:54:36.000000000 +00:00
images/banner-small.jpg: 2015-12-07 14:54:36.000000000 +00:00
images/banner-xl.jpg: 2015-12-07 14:54:36.000000000 +00:00
images/banner-xl2.jpg: 2015-12-07 14:54:36.000000000 +00:00
images/awi-banner-large.jpg: 2015-12-07 22:47:03.000000000 +00:00
images/awi-banner-med.jpg: 2015-12-07 22:47:03.000000000 +00:00
images/awi-banner-small.jpg: 2015-12-07 22:47:03.000000000 +00:00
images/awi-banner-xl.jpg: 2015-12-07 22:47:03.000000000 +00:00
